$ 1 0.000005 10.20027730826997 50 5 50 5e-11
t 544 336 592 336 0 1 -10.261332657546781 0.6977845833496529 100 default
r 544 336 464 336 0 5000
178 656 240 656 320 6 1 0.2 0.052044137954571294 0.05 1000000 0.02 20 0.015 0.005 1
d 608 320 608 240 2 default
c 592 320 592 240 4 1e-8 -1.0408827591035656 0.001 0
w 592 240 608 240 0
w 608 240 624 240 0
w 592 320 608 320 0
w 608 320 624 320 0
g 592 352 592 384 0 0
R 608 240 608 208 0 0 40 12 0 0 0.5
R 400 336 352 336 0 0 40 3.3 0 0 0.5
s 400 336 464 336 0 0 false
o 3 64 0 4099 5 0.00009765625 0 2 3 3
o 1 64 0 4099 10 0.00078125 1 2 1 3
